accuracy: 0.8911
precision: 0.8792242703533026
recall: 0.9087120460408811
f1: 0.8937249926807846
