accuracy: 0.8892
precision: 0.8839617112717327
recall: 0.8979956340543759
f1: 0.8909234101201023
