accuracy: 0.8945
precision: 0.8889105818039829
recall: 0.9035522921214527
f1: 0.896171636649936
