accuracy: 0.8911
precision: 0.8814213982232523
recall: 0.9057352649335185
f1: 0.8934129392189488
