accuracy: 0.8942
precision: 0.8827148625264373
recall: 0.9110934709267712
f1: 0.8966796875
