accuracy: 0.8891
precision: 0.8827425009738995
recall: 0.8993847985711451
f1: 0.8909859431829352
