accuracy: 0.8632
precision: 0.8797848127457066
recall: 0.843818217900377
f1: 0.8614262560777958
