accuracy: 0.8652
precision: 0.8753304860687411
recall: 0.854137725739234
f1: 0.8646042587384491
